RCC Global time spent: 1800
RI(P) = 6
Clustering configuration: 
 Partition 0 (490): [ 0 2 3 4 5 6 9 10 11 12 15 16 17 18 19 20 22 23 27 31 32 33 34 36 37 38 39 40 41 42 43 44 45 46 47 48 49 51 56 57 58 60 61 63 64 65 66 67 71 72 73 75 76 77 78 80 82 84 89 91 92 93 95 96 97 98 100 101 102 103 104 105 106 109 110 111 112 114 115 116 117 119 120 121 122 123 124 127 128 129 130 131 132 133 134 135 136 137 138 139 140 141 142 143 145 146 147 149 150 152 153 155 156 157 158 159 160 162 163 165 166 167 171 172 173 174 175 181 182 183 184 186 187 188 189 190 193 194 195 196 197 199 200 201 202 203 204 205 206 207 218 219 220 221 222 223 225 226 227 228 229 230 232 233 234 235 236 237 238 239 240 241 242 243 245 246 247 248 249 250 251 252 253 254 255 257 258 259 260 261 262 263 264 265 266 267 268 269 270 271 272 273 274 276 278 279 280 281 282 283 284 285 287 288 289 290 291 292 293 294 298 299 300 302 303 304 305 306 307 308 309 310 312 313 314 315 316 317 318 319 320 321 322 324 326 327 328 329 330 331 332 333 335 336 337 339 340 341 342 343 344 345 346 347 348 349 350 351 352 353 354 355 356 357 358 359 360 361 362 363 364 365 366 367 368 369 370 371 372 373 374 375 376 377 378 379 380 381 382 383 384 385 386 387 388 389 391 392 394 395 396 398 399 400 401 402 404 405 406 407 408 409 410 411 412 413 414 415 416 417 418 419 420 421 422 424 425 426 427 428 429 430 431 432 434 435 436 437 439 440 441 442 443 445 446 447 448 449 450 451 452 453 454 455 456 457 459 460 461 462 463 465 466 467 468 469 470 471 472 473 475 477 478 479 480 481 482 484 485 486 487 488 489 490 491 492 493 494 495 496 498 499 500 502 503 504 505 506 507 508 509 510 511 513 515 516 517 518 519 520 521 522 523 524 525 527 528 529 532 533 535 536 537 538 540 541 542 543 544 545 546 547 548 549 550 551 552 553 554 555 556 557 558 559 560 561 562 563 564 565 566 568 569 570 571 572 573 574 575 577 578 579 580 581 582 583 584 585 586 587 588 589 590 591 592 593 594 595 596 598 ] 
 Partition 1 (19): [ 7 25 26 125 176 178 185 208 210 212 213 215 296 297 334 338 403 458 464 ] 
 Partition 2 (16): [ 28 126 177 179 192 209 211 214 217 311 397 433 438 512 534 597 ] 
 Partition 3 (25): [ 13 24 35 53 54 86 99 118 169 180 191 224 244 256 275 301 325 390 393 444 497 501 514 576 599 ] 
 Partition 4 (6): [ 62 74 107 108 168 216 ] 
 Partition 5 (5): [ 29 113 164 323 483 ] 
 Partition 6 (9): [ 151 154 198 277 286 295 423 474 539 ] 
 Partition 7 (6): [ 1 94 148 161 231 567 ] 
 Partition 8 (1): [ 531 ] 
 Partition 9 (4): [ 30 79 83 170 ] 
 Partition 10 (2): [ 59 144 ] 
 Partition 11 (1): [ 68 ] 
 Partition 12 (3): [ 85 87 476 ] 
 Partition 13 (1): [ 50 ] 
 Partition 14 (2): [ 52 526 ] 
 Partition 15 (4): [ 69 70 88 530 ] 
 Partition 16 (3): [ 14 81 90 ] 
 Partition 17 (2): [ 8 55 ] 
 Partition 18 (1): [ 21 ] 
