RCC Global time spent: 1800.01
RI(P) = 76
Clustering configuration: 
 Partition 0 (644): [ 0 1 2 3 4 6 10 12 15 17 18 19 20 22 31 32 33 34 36 37 39 40 41 42 43 44 45 46 47 48 49 51 52 54 56 57 58 63 65 66 67 71 72 73 75 77 78 80 82 84 88 89 91 92 93 95 98 100 101 102 104 105 106 108 110 111 114 115 116 117 119 121 122 123 124 127 128 129 130 131 132 133 134 135 136 137 138 139 140 141 142 143 145 146 147 149 150 152 154 155 156 157 159 160 162 165 166 167 171 173 174 175 181 182 183 184 186 187 188 189 190 193 195 196 197 198 199 200 201 202 203 204 205 206 207 218 219 220 221 222 223 225 226 227 228 229 230 233 235 236 237 238 239 240 241 242 243 244 246 247 248 249 250 251 252 253 254 255 257 258 259 260 261 262 263 264 265 267 268 269 270 271 272 274 275 276 278 279 280 281 282 283 284 285 287 288 289 290 291 292 293 294 295 298 299 300 302 303 304 305 306 307 309 310 312 313 314 315 316 317 318 319 320 322 326 327 328 329 330 332 333 335 337 339 340 341 342 343 344 346 348 349 350 351 352 353 355 357 359 360 361 362 363 364 365 366 367 368 369 370 371 372 373 374 375 376 377 378 380 381 382 383 384 385 386 387 388 389 391 392 394 395 396 398 399 402 404 405 406 407 408 409 412 413 414 415 416 417 418 420 422 423 424 425 427 428 429 430 431 432 434 435 436 439 440 441 442 443 445 446 447 448 449 450 451 453 454 455 456 457 459 460 461 462 463 466 467 468 469 470 471 472 473 474 475 477 478 479 480 481 482 484 485 486 487 488 489 490 491 492 493 494 495 496 499 500 502 503 504 505 506 507 508 510 511 513 516 517 518 519 520 521 522 523 524 525 527 528 529 532 533 535 536 537 538 539 540 541 542 543 544 545 546 549 550 552 553 554 556 557 558 559 560 561 563 564 565 566 568 569 570 571 573 574 575 577 579 581 582 583 584 585 586 587 588 589 590 591 592 593 594 595 596 598 599 600 602 603 604 605 607 608 610 611 612 613 615 619 624 626 628 630 631 632 635 637 643 644 645 646 647 648 649 651 652 655 656 659 660 665 666 669 670 671 672 674 675 676 681 689 691 698 700 702 703 704 705 706 707 708 709 710 711 712 713 714 715 716 718 719 720 721 722 723 724 725 726 727 728 729 730 731 732 733 736 738 739 740 743 745 748 749 750 752 753 754 755 756 757 765 766 767 768 769 771 773 775 777 778 783 784 785 786 798 799 800 802 803 804 805 808 810 811 812 814 816 817 818 819 820 821 822 825 826 827 828 830 831 833 835 836 839 840 842 843 845 852 853 854 857 858 859 861 863 864 865 866 867 876 879 903 913 932 942 943 944 945 946 947 948 950 951 952 953 954 955 956 958 960 961 962 963 964 965 966 967 969 970 971 972 975 978 980 982 983 984 985 987 989 991 994 996 997 998 ] 
 Partition 1 (48): [ 26 27 125 126 176 177 178 209 213 214 215 216 296 297 338 410 438 498 578 597 625 678 679 680 683 684 686 692 693 694 695 759 782 788 880 886 887 894 897 898 900 918 920 928 931 936 939 986 ] 
 Partition 2 (14): [ 113 211 224 433 534 677 685 762 870 883 888 915 934 988 ] 
 Partition 3 (9): [ 90 208 217 774 779 869 882 892 935 ] 
 Partition 4 (15): [ 179 192 210 212 311 334 458 512 531 687 696 761 792 889 910 ] 
 Partition 5 (31): [ 61 64 68 74 86 266 286 390 421 444 514 548 567 609 638 662 734 764 791 793 794 797 873 875 885 896 901 916 968 993 995 ] 
 Partition 6 (38): [ 24 35 83 99 120 158 168 172 180 191 301 325 393 397 426 465 572 576 616 618 620 633 641 661 717 770 776 780 801 829 838 841 844 847 856 973 977 979 ] 
 Partition 7 (7): [ 13 59 796 872 891 902 904 ] 
 Partition 8 (4): [ 663 763 884 921 ] 
 Partition 9 (5): [ 50 144 153 790 851 ] 
 Partition 10 (19): [ 23 69 112 336 379 526 690 877 890 895 899 905 907 909 911 917 926 938 974 ] 
 Partition 11 (6): [ 7 30 62 96 118 640 ] 
 Partition 12 (20): [ 8 53 163 323 354 358 401 411 562 664 744 789 807 813 824 834 848 850 976 990 ] 
 Partition 13 (4): [ 164 464 697 815 ] 
 Partition 14 (7): [ 194 437 476 547 760 922 933 ] 
 Partition 15 (7): [ 185 273 497 580 742 919 930 ] 
 Partition 16 (6): [ 28 29 107 109 688 941 ] 
 Partition 17 (10): [ 321 324 347 403 452 654 772 837 849 855 ] 
 Partition 18 (10): [ 9 70 76 79 94 345 530 601 627 699 ] 
 Partition 19 (5): [ 21 170 231 881 999 ] 
 Partition 20 (5): [ 11 38 81 509 658 ] 
 Partition 21 (8): [ 14 148 356 483 515 555 606 846 ] 
 Partition 22 (6): [ 308 419 781 929 959 992 ] 
 Partition 23 (6): [ 16 232 673 751 823 957 ] 
 Partition 24 (8): [ 85 667 871 874 878 906 914 927 ] 
 Partition 25 (5): [ 623 735 747 868 981 ] 
 Partition 26 (6): [ 161 614 617 650 741 809 ] 
 Partition 27 (5): [ 97 103 245 832 949 ] 
 Partition 28 (2): [ 400 551 ] 
 Partition 29 (2): [ 621 923 ] 
 Partition 30 (3): [ 256 795 893 ] 
 Partition 31 (3): [ 634 908 924 ] 
 Partition 32 (4): [ 277 501 629 862 ] 
 Partition 33 (2): [ 682 937 ] 
 Partition 34 (2): [ 701 758 ] 
 Partition 35 (3): [ 151 234 925 ] 
 Partition 36 (3): [ 25 331 787 ] 
 Partition 37 (1): [ 912 ] 
 Partition 38 (1): [ 622 ] 
 Partition 39 (3): [ 55 60 87 ] 
 Partition 40 (1): [ 169 ] 
 Partition 41 (3): [ 5 642 860 ] 
 Partition 42 (2): [ 639 668 ] 
 Partition 43 (1): [ 746 ] 
 Partition 44 (2): [ 657 737 ] 
 Partition 45 (1): [ 806 ] 
 Partition 46 (1): [ 940 ] 
 Partition 47 (1): [ 636 ] 
 Partition 48 (1): [ 653 ] 
