Global time spent: 5.26256
I(P) = 30226
Clustering configuration: 
 Partition 0 (181): [ 3 8 12 13 14 16 21 22 28 29 32 36 37 44 45 46 48 49 51 52 54 58 61 63 67 69 74 75 80 82 83 87 88 97 98 103 108 109 118 132 133 135 136 140 143 146 153 157 163 165 167 171 174 175 178 179 180 187 193 196 197 203 204 206 212 214 216 219 223 224 227 228 229 230 231 232 234 236 238 245 246 252 253 261 275 277 283 284 286 291 294 299 310 316 318 319 324 328 332 340 343 347 349 353 359 360 365 366 372 375 378 383 390 403 404 406 410 417 420 422 424 425 437 440 441 443 445 446 454 461 463 466 467 470 471 474 475 479 481 485 486 488 493 498 503 504 509 510 513 515 521 523 528 529 533 534 535 537 539 540 543 546 547 551 557 559 560 566 567 568 569 571 573 575 576 588 589 591 595 598 599 ] 
 Partition 1 (191): [ 0 2 4 6 10 17 19 20 23 25 30 31 35 39 40 41 43 47 50 53 56 59 62 65 66 72 76 79 81 92 93 94 101 102 104 107 111 114 115 116 119 120 121 122 123 124 130 131 134 137 139 142 145 147 150 155 158 160 161 164 166 169 172 173 176 177 181 182 183 184 185 189 190 191 194 198 199 211 215 218 221 222 233 235 239 241 242 243 247 249 250 251 256 263 264 268 274 276 278 285 289 290 293 295 300 301 303 305 307 309 314 317 322 323 326 327 329 330 331 335 337 341 344 348 350 352 355 356 358 377 380 386 388 389 392 394 395 397 401 402 405 407 409 411 416 423 426 427 429 439 442 449 450 453 457 462 465 476 477 478 482 483 489 490 494 499 500 508 511 514 516 519 520 522 527 542 545 550 552 553 562 563 565 572 579 581 586 587 590 592 594 ] 
 Partition 2 (134): [ 5 9 11 24 27 34 38 57 60 64 71 89 96 100 105 112 117 125 126 127 129 138 148 149 151 152 154 156 162 170 186 192 202 205 208 210 213 225 237 244 248 257 258 259 260 262 265 269 271 272 273 279 282 287 288 296 297 302 304 306 311 313 315 320 333 339 342 345 346 351 354 367 368 369 370 371 376 379 385 396 398 400 408 413 414 418 419 421 428 430 431 432 433 434 435 436 438 444 447 448 451 455 459 469 472 487 492 496 501 502 506 507 512 517 524 525 526 531 532 541 548 549 555 556 561 574 578 580 582 583 585 593 596 597 ] 
 Partition 3 (48): [ 7 15 33 42 68 70 77 78 86 91 106 113 141 159 168 201 209 217 220 226 254 255 270 280 312 321 334 338 362 364 381 384 391 399 412 415 452 458 473 480 495 497 505 544 558 564 577 584 ] 
 Partition 4 (39): [ 1 18 26 55 73 85 90 95 99 128 188 195 207 266 267 292 298 308 336 357 361 363 373 374 382 387 393 456 460 464 468 484 491 518 530 536 538 554 570 ] 
 Partition 5 (7): [ 84 110 144 200 240 281 325 ] 

Imbalance analysis (out edges contribution):
Vertex,PositiveSum,NegativeSum
0,44,10
1,44,2
2,37,12
3,31,15
4,39,17
5,50,8
6,42,17
7,47,1
8,28,17
9,42,9
10,30,10
11,34,6
12,35,13
13,44,7
14,37,11
15,34,2
16,30,11
17,35,12
18,53,2
19,31,12
20,38,14
21,34,10
22,34,12
23,39,15
24,43,6
25,27,14
26,53,1
27,50,10
28,42,15
29,38,14
30,52,9
31,37,13
32,32,12
33,42,2
34,39,10
35,37,18
36,42,13
37,34,14
38,45,10
39,33,15
40,41,12
41,33,11
42,46,2
43,44,12
44,26,12
45,38,13
46,38,10
47,32,10
48,38,13
49,40,12
50,37,12
51,26,10
52,37,12
53,37,12
54,36,17
55,59,2
56,40,13
57,50,10
58,43,12
59,31,13
60,41,12
61,32,12
62,33,14
63,33,13
64,42,11
65,40,12
66,36,14
67,37,10
68,46,1
69,34,13
70,43,1
71,42,9
72,33,14
73,46,2
74,35,12
75,35,15
76,38,13
77,46,4
78,42,4
79,46,15
80,32,9
81,37,11
82,37,9
83,45,6
84,46,0
85,47,0
86,40,3
87,29,12
88,41,16
89,44,11
90,53,0
91,49,3
92,31,16
93,39,14
94,30,14
95,57,2
96,52,10
97,42,13
98,45,19
99,45,4
100,47,8
101,41,12
102,41,15
103,46,14
104,34,9
105,42,8
106,40,1
107,43,14
108,39,9
109,40,7
110,44,0
111,45,13
112,41,9
113,42,2
114,36,9
115,36,15
116,43,13
117,42,9
118,41,12
119,38,11
120,33,15
121,34,19
122,40,11
123,32,11
124,47,13
125,38,12
126,44,11
127,37,14
128,49,0
129,30,6
130,36,17
131,44,12
132,42,11
133,34,17
134,41,14
135,34,15
136,45,12
137,42,11
138,47,6
139,30,9
140,49,14
141,50,2
142,23,16
143,32,16
144,44,0
145,28,11
146,42,17
147,24,9
148,36,6
149,47,8
150,42,18
151,36,11
152,36,7
153,42,13
154,48,6
155,28,19
156,35,8
157,45,15
158,46,19
159,57,4
160,34,18
161,27,12
162,41,10
163,34,11
164,28,20
165,27,11
166,36,18
167,46,12
168,43,1
169,36,17
170,48,13
171,43,15
172,27,13
173,40,13
174,41,13
175,36,17
176,39,18
177,31,17
178,45,14
179,41,9
180,40,17
181,38,15
182,35,10
183,48,13
184,31,15
185,39,17
186,41,8
187,35,13
188,39,0
189,26,15
190,33,17
191,38,15
192,46,5
193,38,11
194,43,13
195,46,2
196,49,12
197,38,12
198,36,20
199,29,17
200,57,0
201,45,2
202,41,8
203,36,9
204,44,8
205,41,12
206,39,11
207,59,4
208,37,13
209,48,2
210,44,9
211,34,8
212,32,12
213,44,11
214,36,10
215,38,16
216,33,10
217,41,1
218,25,13
219,38,8
220,55,2
221,36,8
222,39,15
223,36,11
224,48,14
225,42,8
226,47,3
227,40,12
228,32,12
229,32,17
230,36,15
231,33,20
232,41,13
233,21,19
234,42,13
235,32,17
236,41,13
237,47,8
238,37,12
239,38,11
240,35,0
241,40,11
242,42,17
243,40,14
244,36,14
245,35,15
246,39,15
247,42,17
248,41,16
249,32,19
250,33,15
251,35,15
252,38,6
253,39,15
254,54,1
255,51,0
256,39,10
257,46,7
258,41,15
259,49,9
260,42,12
261,37,15
262,45,11
263,44,8
264,41,12
265,36,5
266,53,3
267,46,3
268,36,13
269,44,9
270,49,3
271,46,7
272,40,13
273,33,12
274,35,15
275,36,14
276,38,18
277,49,16
278,40,14
279,53,11
280,38,4
281,52,0
282,52,8
283,35,16
284,37,10
285,31,8
286,41,9
287,42,12
288,46,10
289,36,13
290,42,19
291,41,15
292,48,1
293,41,10
294,38,16
295,41,14
296,38,9
297,44,10
298,47,2
299,35,11
300,48,12
301,42,6
302,40,4
303,41,11
304,43,7
305,39,13
306,51,9
307,42,8
308,39,1
309,33,13
310,44,16
311,37,7
312,46,3
313,37,11
314,33,13
315,48,7
316,31,14
317,40,21
318,35,14
319,50,9
320,43,7
321,48,2
322,29,14
323,39,18
324,30,15
325,58,0
326,37,19
327,35,20
328,34,15
329,23,6
330,34,11
331,31,16
332,42,16
333,40,9
334,42,3
335,37,18
336,47,2
337,42,16
338,52,1
339,35,8
340,28,16
341,40,16
342,49,9
343,43,15
344,43,18
345,34,7
346,38,7
347,32,13
348,41,19
349,41,10
350,34,15
351,46,9
352,31,13
353,43,16
354,38,9
355,36,14
356,35,11
357,56,0
358,37,11
359,42,14
360,34,14
361,35,4
362,51,1
363,53,4
364,48,2
365,33,12
366,41,9
367,51,6
368,34,13
369,35,6
370,44,7
371,39,9
372,34,11
373,49,1
374,45,0
375,38,13
376,35,11
377,36,15
378,30,11
379,57,7
380,38,18
381,42,6
382,48,0
383,44,16
384,53,3
385,45,9
386,37,17
387,54,1
388,54,13
389,32,12
390,35,7
391,43,2
392,32,12
393,46,3
394,43,18
395,38,13
396,48,8
397,24,15
398,40,9
399,58,4
400,39,11
401,37,15
402,39,10
403,53,6
404,35,11
405,33,10
406,33,18
407,46,10
408,42,12
409,38,14
410,46,11
411,48,8
412,48,3
413,37,10
414,47,9
415,46,1
416,37,15
417,37,16
418,48,9
419,41,7
420,43,13
421,46,10
422,23,16
423,40,12
424,35,12
425,32,6
426,40,12
427,38,13
428,43,7
429,44,9
430,51,13
431,56,7
432,54,5
433,39,6
434,38,10
435,37,13
436,53,8
437,39,15
438,37,8
439,37,18
440,49,10
441,32,13
442,50,12
443,33,20
444,46,6
445,42,17
446,38,12
447,37,9
448,42,8
449,35,16
450,27,14
451,39,7
452,46,1
453,28,12
454,38,15
455,41,5
456,49,0
457,29,14
458,42,2
459,40,12
460,41,3
461,30,8
462,34,14
463,41,19
464,51,3
465,33,13
466,36,12
467,27,12
468,33,2
469,41,11
470,38,13
471,35,14
472,35,5
473,42,2
474,43,15
475,33,12
476,33,18
477,36,9
478,40,13
479,43,9
480,50,0
481,33,14
482,35,10
483,50,12
484,39,1
485,30,16
486,37,21
487,46,12
488,36,15
489,30,17
490,37,14
491,46,3
492,35,6
493,35,12
494,38,17
495,42,2
496,35,7
497,53,2
498,28,12
499,38,17
500,29,14
501,34,12
502,35,9
503,41,17
504,38,18
505,47,2
506,40,6
507,34,13
508,43,10
509,39,13
510,37,8
511,34,12
512,41,7
513,40,15
514,36,19
515,51,10
516,39,22
517,50,10
518,45,2
519,46,8
520,40,16
521,41,14
522,38,7
523,41,15
524,37,5
525,35,9
526,39,9
527,36,14
528,44,13
529,28,11
530,49,1
531,53,6
532,45,7
533,38,17
534,47,8
535,39,13
536,41,3
537,39,11
538,62,3
539,45,11
540,39,10
541,53,7
542,38,15
543,34,12
544,44,4
545,51,11
546,30,10
547,38,18
548,40,8
549,38,6
550,27,17
551,30,11
552,40,14
553,27,11
554,48,2
555,38,6
556,38,10
557,33,16
558,45,1
559,37,11
560,36,10
561,50,6
562,37,8
563,26,14
564,39,1
565,40,13
566,47,14
567,35,18
568,38,13
569,43,6
570,57,5
571,31,18
572,32,15
573,39,15
574,41,12
575,42,12
576,39,14
577,45,5
578,42,3
579,32,15
580,38,5
581,43,15
582,39,7
583,36,11
584,45,4
585,39,8
586,40,6
587,39,14
588,28,8
589,34,7
590,35,12
591,48,15
592,42,12
593,38,12
594,32,20
595,31,14
596,39,11
597,45,11
598,35,17
599,43,16
Imbalance analysis (in edges contribution):
Vertex,PositiveSum,NegativeSum
0,44,10
1,44,2
2,37,12
3,31,15
4,39,17
5,50,8
6,42,17
7,47,1
8,28,17
9,42,9
10,30,10
11,34,6
12,35,13
13,44,7
14,37,11
15,34,2
16,30,11
17,35,12
18,53,2
19,31,12
20,38,14
21,34,10
22,34,12
23,39,15
24,43,6
25,27,14
26,53,1
27,50,10
28,42,15
29,38,14
30,52,9
31,37,13
32,32,12
33,42,2
34,39,10
35,37,18
36,42,13
37,34,14
38,45,10
39,33,15
40,41,12
41,33,11
42,46,2
43,44,12
44,26,12
45,38,13
46,38,10
47,32,10
48,38,13
49,40,12
50,37,12
51,26,10
52,37,12
53,37,12
54,36,17
55,59,2
56,40,13
57,50,10
58,43,12
59,31,13
60,41,12
61,32,12
62,33,14
63,33,13
64,42,11
65,40,12
66,36,14
67,37,10
68,46,1
69,34,13
70,43,1
71,42,9
72,33,14
73,46,2
74,35,12
75,35,15
76,38,13
77,46,4
78,42,4
79,46,15
80,32,9
81,37,11
82,37,9
83,45,6
84,46,0
85,47,0
86,40,3
87,29,12
88,41,16
89,44,11
90,53,0
91,49,3
92,31,16
93,39,14
94,30,14
95,57,2
96,52,10
97,42,13
98,45,19
99,45,4
100,47,8
101,41,12
102,41,15
103,46,14
104,34,9
105,42,8
106,40,1
107,43,14
108,39,9
109,40,7
110,44,0
111,45,13
112,41,9
113,42,2
114,36,9
115,36,15
116,43,13
117,42,9
118,41,12
119,38,11
120,33,15
121,34,19
122,40,11
123,32,11
124,47,13
125,38,12
126,44,11
127,37,14
128,49,0
129,30,6
130,36,17
131,44,12
132,42,11
133,34,17
134,41,14
135,34,15
136,45,12
137,42,11
138,47,6
139,30,9
140,49,14
141,50,2
142,23,16
143,32,16
144,44,0
145,28,11
146,42,17
147,24,9
148,36,6
149,47,8
150,42,18
151,36,11
152,36,7
153,42,13
154,48,6
155,28,19
156,35,8
157,45,15
158,46,19
159,57,4
160,34,18
161,27,12
162,41,10
163,34,11
164,28,20
165,27,11
166,36,18
167,46,12
168,43,1
169,36,17
170,48,13
171,43,15
172,27,13
173,40,13
174,41,13
175,36,17
176,39,18
177,31,17
178,45,14
179,41,9
180,40,17
181,38,15
182,35,10
183,48,13
184,31,15
185,39,17
186,41,8
187,35,13
188,39,0
189,26,15
190,33,17
191,38,15
192,46,5
193,38,11
194,43,13
195,46,2
196,49,12
197,38,12
198,36,20
199,29,17
200,57,0
201,45,2
202,41,8
203,36,9
204,44,8
205,41,12
206,39,11
207,59,4
208,37,13
209,48,2
210,44,9
211,34,8
212,32,12
213,44,11
214,36,10
215,38,16
216,33,10
217,41,1
218,25,13
219,38,8
220,55,2
221,36,8
222,39,15
223,36,11
224,48,14
225,42,8
226,47,3
227,40,12
228,32,12
229,32,17
230,36,15
231,33,20
232,41,13
233,21,19
234,42,13
235,32,17
236,41,13
237,47,8
238,37,12
239,38,11
240,35,0
241,40,11
242,42,17
243,40,14
244,36,14
245,35,15
246,39,15
247,42,17
248,41,16
249,32,19
250,33,15
251,35,15
252,38,6
253,39,15
254,54,1
255,51,0
256,39,10
257,46,7
258,41,15
259,49,9
260,42,12
261,37,15
262,45,11
263,44,8
264,41,12
265,36,5
266,53,3
267,46,3
268,36,13
269,44,9
270,49,3
271,46,7
272,40,13
273,33,12
274,35,15
275,36,14
276,38,18
277,49,16
278,40,14
279,53,11
280,38,4
281,52,0
282,52,8
283,35,16
284,37,10
285,31,8
286,41,9
287,42,12
288,46,10
289,36,13
290,42,19
291,41,15
292,48,1
293,41,10
294,38,16
295,41,14
296,38,9
297,44,10
298,47,2
299,35,11
300,48,12
301,42,6
302,40,4
303,41,11
304,43,7
305,39,13
306,51,9
307,42,8
308,39,1
309,33,13
310,44,16
311,37,7
312,46,3
313,37,11
314,33,13
315,48,7
316,31,14
317,40,21
318,35,14
319,50,9
320,43,7
321,48,2
322,29,14
323,39,18
324,30,15
325,58,0
326,37,19
327,35,20
328,34,15
329,23,6
330,34,11
331,31,16
332,42,16
333,40,9
334,42,3
335,37,18
336,47,2
337,42,16
338,52,1
339,35,8
340,28,16
341,40,16
342,49,9
343,43,15
344,43,18
345,34,7
346,38,7
347,32,13
348,41,19
349,41,10
350,34,15
351,46,9
352,31,13
353,43,16
354,38,9
355,36,14
356,35,11
357,56,0
358,37,11
359,42,14
360,34,14
361,35,4
362,51,1
363,53,4
364,48,2
365,33,12
366,41,9
367,51,6
368,34,13
369,35,6
370,44,7
371,39,9
372,34,11
373,49,1
374,45,0
375,38,13
376,35,11
377,36,15
378,30,11
379,57,7
380,38,18
381,42,6
382,48,0
383,44,16
384,53,3
385,45,9
386,37,17
387,54,1
388,54,13
389,32,12
390,35,7
391,43,2
392,32,12
393,46,3
394,43,18
395,38,13
396,48,8
397,24,15
398,40,9
399,58,4
400,39,11
401,37,15
402,39,10
403,53,6
404,35,11
405,33,10
406,33,18
407,46,10
408,42,12
409,38,14
410,46,11
411,48,8
412,48,3
413,37,10
414,47,9
415,46,1
416,37,15
417,37,16
418,48,9
419,41,7
420,43,13
421,46,10
422,23,16
423,40,12
424,35,12
425,32,6
426,40,12
427,38,13
428,43,7
429,44,9
430,51,13
431,56,7
432,54,5
433,39,6
434,38,10
435,37,13
436,53,8
437,39,15
438,37,8
439,37,18
440,49,10
441,32,13
442,50,12
443,33,20
444,46,6
445,42,17
446,38,12
447,37,9
448,42,8
449,35,16
450,27,14
451,39,7
452,46,1
453,28,12
454,38,15
455,41,5
456,49,0
457,29,14
458,42,2
459,40,12
460,41,3
461,30,8
462,34,14
463,41,19
464,51,3
465,33,13
466,36,12
467,27,12
468,33,2
469,41,11
470,38,13
471,35,14
472,35,5
473,42,2
474,43,15
475,33,12
476,33,18
477,36,9
478,40,13
479,43,9
480,50,0
481,33,14
482,35,10
483,50,12
484,39,1
485,30,16
486,37,21
487,46,12
488,36,15
489,30,17
490,37,14
491,46,3
492,35,6
493,35,12
494,38,17
495,42,2
496,35,7
497,53,2
498,28,12
499,38,17
500,29,14
501,34,12
502,35,9
503,41,17
504,38,18
505,47,2
506,40,6
507,34,13
508,43,10
509,39,13
510,37,8
511,34,12
512,41,7
513,40,15
514,36,19
515,51,10
516,39,22
517,50,10
518,45,2
519,46,8
520,40,16
521,41,14
522,38,7
523,41,15
524,37,5
525,35,9
526,39,9
527,36,14
528,44,13
529,28,11
530,49,1
531,53,6
532,45,7
533,38,17
534,47,8
535,39,13
536,41,3
537,39,11
538,62,3
539,45,11
540,39,10
541,53,7
542,38,15
543,34,12
544,44,4
545,51,11
546,30,10
547,38,18
548,40,8
549,38,6
550,27,17
551,30,11
552,40,14
553,27,11
554,48,2
555,38,6
556,38,10
557,33,16
558,45,1
559,37,11
560,36,10
561,50,6
562,37,8
563,26,14
564,39,1
565,40,13
566,47,14
567,35,18
568,38,13
569,43,6
570,57,5
571,31,18
572,32,15
573,39,15
574,41,12
575,42,12
576,39,14
577,45,5
578,42,3
579,32,15
580,38,5
581,43,15
582,39,7
583,36,11
584,45,4
585,39,8
586,40,6
587,39,14
588,28,8
589,34,7
590,35,12
591,48,15
592,42,12
593,38,12
594,32,20
595,31,14
596,39,11
597,45,11
598,35,17
599,43,16

Cluster contribution to imbalance analysis (cluster-cluster matrix):
2336, 3140, 2219, 741, 610, 105, 
3140, 2624, 2342, 794, 646, 97, 
2219, 2342, 1190, 520, 462, 92, 
741, 794, 520, 108, 137, 20, 
610, 646, 462, 137, 74, 22, 
105, 97, 92, 20, 22, 0, 

