RCC Global time spent: 1640.59
RI(P) = 0
Clustering configuration: 
 Partition 0 (331): [ 0 1 2 3 4 5 6 9 10 11 12 13 14 15 16 17 18 19 20 22 23 24 31 32 33 34 35 36 37 38 40 41 42 43 44 45 46 47 48 49 51 52 56 57 58 60 61 63 64 65 66 67 71 72 73 75 76 77 78 80 82 84 89 91 92 93 95 97 98 99 101 102 103 104 105 106 110 111 112 114 115 116 117 119 120 121 122 123 124 127 128 129 130 131 132 133 134 135 136 137 138 139 140 141 142 143 145 146 147 149 150 152 153 154 155 156 157 158 159 160 161 162 163 165 166 167 169 171 172 173 174 175 180 181 182 183 184 186 187 188 189 190 193 194 195 196 197 198 199 200 201 202 203 204 205 206 207 218 219 220 221 222 223 224 225 226 227 228 229 230 232 233 234 235 236 237 238 239 240 241 242 243 244 245 246 247 248 249 250 251 252 253 254 255 256 257 258 259 260 261 262 263 264 265 266 267 268 269 270 271 272 273 274 276 278 279 280 281 282 283 284 285 287 288 289 290 291 292 293 294 295 298 299 300 301 302 303 304 305 306 307 308 309 310 311 312 313 314 315 316 317 318 319 320 321 322 325 326 327 328 329 330 331 332 333 334 335 336 337 338 339 340 341 342 343 344 345 346 347 348 349 350 351 352 353 354 355 356 357 358 359 360 361 362 363 364 365 366 367 368 369 370 371 372 373 374 375 376 377 378 379 380 381 382 383 384 385 386 387 388 389 390 391 392 393 394 395 396 397 398 399 ] 
 Partition 1 (20): [ 26 28 29 107 109 113 176 178 210 211 212 213 214 215 216 217 275 296 297 324 ] 
 Partition 2 (6): [ 27 126 164 179 208 209 ] 
 Partition 3 (9): [ 21 30 39 83 86 96 168 170 191 ] 
 Partition 4 (1): [ 25 ] 
 Partition 5 (2): [ 74 79 ] 
 Partition 6 (2): [ 62 185 ] 
 Partition 7 (6): [ 50 53 54 68 151 192 ] 
 Partition 8 (6): [ 69 81 90 108 231 286 ] 
 Partition 9 (3): [ 94 118 277 ] 
 Partition 10 (3): [ 7 70 87 ] 
 Partition 11 (3): [ 59 100 323 ] 
 Partition 12 (1): [ 144 ] 
 Partition 13 (2): [ 85 148 ] 
 Partition 14 (2): [ 55 177 ] 
 Partition 15 (1): [ 8 ] 
 Partition 16 (1): [ 125 ] 
 Partition 17 (1): [ 88 ] 
