RCC Global time spent: 40.6414
RI(P) = 8
Clustering configuration: 
 Partition 0 (158): [ 0 1 2 3 4 5 6 8 9 10 11 12 13 15 16 17 18 19 20 22 23 24 31 32 33 34 36 37 38 40 41 42 43 44 45 46 48 49 51 54 55 56 57 58 60 61 63 64 65 66 67 69 71 72 73 75 76 77 78 80 81 82 84 85 87 88 89 91 92 93 94 95 96 97 98 99 100 101 102 103 104 105 106 108 110 111 112 114 115 116 117 119 120 121 122 123 124 127 128 129 130 131 132 133 134 135 136 137 138 139 140 141 142 143 145 146 147 148 149 150 152 153 154 155 156 157 158 159 160 161 162 163 165 166 167 169 171 172 173 174 175 181 182 183 184 186 187 188 189 190 191 193 194 195 196 197 198 199 ] 
 Partition 1 (8): [ 26 28 39 126 177 179 185 192 ] 
 Partition 2 (4): [ 25 27 176 178 ] 
 Partition 3 (1): [ 125 ] 
 Partition 4 (9): [ 7 14 21 30 62 68 86 168 180 ] 
 Partition 5 (3): [ 50 53 144 ] 
 Partition 6 (6): [ 35 47 52 70 79 118 ] 
 Partition 7 (5): [ 59 109 113 151 164 ] 
 Partition 8 (5): [ 74 83 90 107 170 ] 
 Partition 9 (1): [ 29 ] 
