n: 30 vertices per cluster
c (clusters): 25
N: 750 total vertices
I(P) = 1108.7848
Cluster 0: 130 524 634 549 526 503 500 339 328 652 491 451 106 636 621 274 586 372 364 568 749 584 683 271 627 307 543 464 460 70 
Cluster 1: 483 89 29 748 576 602 315 490 138 346 480 649 309 587 101 393 686 379 67 44 639 281 455 713 737 156 499 85 742 536 
Cluster 2: 371 599 465 92 585 16 292 88 150 672 267 3 461 330 588 538 173 397 344 244 600 144 301 434 343 581 365 316 111 224 
Cluster 3: 437 527 275 626 516 565 746 654 610 548 295 396 232 228 320 628 674 478 35 235 127 317 662 550 670 741 327 682 659 428 
Cluster 4: 229 663 254 390 5 276 740 380 162 2 166 383 221 386 574 570 22 688 197 151 59 381 81 38 685 560 651 562 534 280 
Cluster 5: 512 539 27 545 456 236 168 675 39 237 332 57 650 661 523 298 208 367 223 132 91 195 182 406 120 145 366 24 704 193 
Cluster 6: 665 697 579 472 42 525 510 60 617 269 291 201 248 304 265 186 463 226 179 231 407 345 325 115 567 453 452 113 142 287 
Cluster 7: 285 505 146 348 362 580 51 104 612 615 143 429 726 655 100 297 326 161 163 177 256 36 706 139 708 624 519 408 321 351 
Cluster 8: 431 376 10 199 314 533 253 496 210 432 710 415 635 124 82 335 84 240 26 401 703 724 509 680 426 97 262 350 25 23 
Cluster 9: 711 566 611 337 709 474 310 374 441 389 238 411 417 739 129 249 134 666 131 546 482 189 601 32 418 398 102 178 50 423 
Cluster 10: 620 547 436 169 700 188 322 363 722 479 450 676 48 347 731 118 117 735 338 64 439 613 631 435 591 689 699 619 459 103 
Cluster 11: 359 489 712 416 425 250 213 99 744 736 174 217 194 658 403 68 656 405 154 531 58 368 623 497 644 518 486 353 71 242 
Cluster 12: 645 556 725 296 361 181 493 121 191 190 126 282 289 458 555 52 323 507 593 583 475 641 492 90 313 9 467 147 66 414 
Cluster 13: 481 19 511 1 306 445 541 148 293 219 384 369 514 738 119 607 176 477 695 203 471 571 578 122 454 592 211 540 205 212 
Cluster 14: 720 448 209 258 569 529 329 638 105 305 528 187 356 341 196 165 575 719 33 17 77 466 286 155 279 667 542 484 693 440 
Cluster 15: 508 227 733 561 677 225 204 62 669 222 0 590 728 629 11 554 243 470 698 336 707 185 392 373 311 216 175 616 360 83 
Cluster 16: 133 705 723 648 671 170 729 153 300 498 160 136 679 495 457 246 609 388 485 537 640 40 657 597 422 394 94 331 387 56 
Cluster 17: 108 522 65 564 646 446 673 691 633 110 207 308 13 442 476 230 79 261 582 424 55 701 21 183 404 78 257 215 114 112 
Cluster 18: 152 334 664 577 15 643 696 530 140 241 573 76 520 687 18 473 245 743 391 420 158 603 559 259 468 427 412 233 349 630 
Cluster 19: 141 12 557 605 622 608 252 299 123 637 109 513 14 399 354 730 255 6 694 430 294 4 7 43 732 469 433 375 594 517 
Cluster 20: 632 157 370 606 352 604 277 87 535 98 410 72 702 302 107 135 283 270 385 563 290 521 745 266 159 589 342 488 116 552 
Cluster 21: 31 400 462 716 553 263 61 251 438 595 319 444 358 684 355 668 95 357 86 164 413 558 402 184 647 172 284 247 206 377 
Cluster 22: 598 678 96 504 551 714 260 681 214 312 421 614 8 74 447 273 718 80 532 642 409 318 37 378 618 218 28 54 202 278 
Cluster 23: 572 721 502 449 715 501 272 340 596 288 149 690 180 93 660 727 30 125 46 47 515 220 382 171 734 53 324 443 75 487 
Cluster 24: 506 34 239 494 747 234 625 73 192 653 268 544 200 167 45 333 303 41 49 264 63 419 69 395 717 20 198 137 692 128 
