RCC Global time spent: 1800
RI(P) = 20
Clustering configuration: 
 Partition 0 (598): [ 0 2 3 4 6 9 10 11 12 14 15 16 17 18 19 20 22 31 32 33 34 36 37 38 39 40 41 42 43 44 45 46 48 49 51 52 54 55 56 57 58 60 61 63 64 65 66 67 71 72 73 75 77 78 80 82 84 89 91 92 93 95 96 98 100 101 102 103 104 105 106 108 110 111 112 114 115 116 117 119 121 122 123 124 127 128 129 130 131 132 133 134 135 136 137 138 139 140 141 142 143 145 146 147 149 150 152 153 155 156 157 159 160 162 163 165 166 167 171 173 174 175 181 182 183 184 186 187 188 189 190 193 194 195 196 197 199 200 201 202 203 204 205 206 207 218 219 220 221 222 223 225 226 227 228 229 230 232 233 235 236 237 238 239 240 241 242 243 244 245 246 247 248 249 250 251 252 253 254 255 257 258 259 260 261 262 263 264 265 266 267 268 269 270 271 272 274 276 277 278 279 280 281 282 283 284 285 287 288 289 290 291 292 293 294 295 298 299 300 302 303 304 305 306 307 308 309 310 312 313 314 315 316 317 318 319 320 322 323 324 326 327 328 329 330 332 333 335 336 337 339 340 341 342 343 344 346 347 348 349 350 351 352 353 355 356 357 358 359 360 361 362 363 364 365 366 367 368 369 370 371 372 373 374 375 376 377 378 380 381 382 383 385 386 387 388 389 391 392 394 395 396 398 399 401 402 403 404 405 406 407 408 409 410 411 412 413 414 415 416 417 418 419 420 421 422 423 424 425 427 428 429 430 431 432 434 435 436 437 439 440 441 442 443 445 446 447 448 449 450 451 452 453 454 455 456 457 458 459 460 461 462 463 465 466 467 468 469 470 471 472 473 474 475 477 478 479 480 481 482 484 485 486 487 488 489 490 491 492 493 494 495 496 498 499 500 502 503 504 505 506 507 508 510 511 513 515 516 517 518 519 520 521 522 523 524 525 526 527 528 529 532 533 535 536 537 538 540 541 542 543 544 545 546 547 548 549 550 552 553 554 555 556 557 558 559 560 561 562 563 564 565 566 568 569 570 571 572 573 575 577 578 579 581 582 583 584 585 586 587 588 589 590 591 592 593 594 595 596 598 600 602 603 604 605 607 608 610 611 612 613 615 618 624 626 628 629 630 631 632 637 639 640 642 643 644 645 646 647 648 649 651 652 654 655 656 658 659 660 661 663 664 666 669 670 671 672 674 698 699 700 701 702 704 705 706 707 708 709 710 711 712 713 714 715 716 718 719 720 721 722 723 724 725 726 727 728 729 730 731 732 733 736 738 739 740 743 744 745 748 749 751 752 753 754 755 756 757 765 766 767 768 769 771 772 773 775 777 778 780 781 783 784 785 786 788 789 798 ] 
 Partition 1 (37): [ 25 26 113 126 177 178 208 210 211 214 215 296 297 311 334 338 433 464 512 531 534 597 684 685 687 688 692 693 695 696 697 761 791 792 793 794 796 ] 
 Partition 2 (12): [ 50 179 209 217 675 677 680 682 694 746 774 779 ] 
 Partition 3 (7): [ 27 192 212 438 623 759 762 ] 
 Partition 4 (32): [ 13 21 23 24 35 69 85 86 88 99 120 158 169 180 191 224 231 286 301 325 345 390 393 397 514 576 599 633 641 657 662 667 ] 
 Partition 5 (10): [ 53 68 97 144 617 619 735 750 764 790 ] 
 Partition 6 (5): [ 29 154 176 379 679 ] 
 Partition 7 (15): [ 7 76 118 148 273 275 400 444 501 509 567 580 653 734 797 ] 
 Partition 8 (6): [ 109 636 717 741 770 776 ] 
 Partition 9 (10): [ 90 213 234 354 601 650 665 747 758 795 ] 
 Partition 10 (4): [ 59 331 574 638 ] 
 Partition 11 (5): [ 70 94 625 627 737 ] 
 Partition 12 (3): [ 530 681 690 ] 
 Partition 13 (3): [ 87 172 497 ] 
 Partition 14 (6): [ 81 321 616 634 760 799 ] 
 Partition 15 (1): [ 686 ] 
 Partition 16 (2): [ 1 763 ] 
 Partition 17 (2): [ 161 614 ] 
 Partition 18 (3): [ 5 107 384 ] 
 Partition 19 (2): [ 164 622 ] 
 Partition 20 (2): [ 125 782 ] 
 Partition 21 (3): [ 185 668 787 ] 
 Partition 22 (2): [ 476 742 ] 
 Partition 23 (4): [ 539 606 609 689 ] 
 Partition 24 (4): [ 47 79 676 691 ] 
 Partition 25 (2): [ 8 170 ] 
 Partition 26 (4): [ 30 83 426 621 ] 
 Partition 27 (1): [ 74 ] 
 Partition 28 (5): [ 256 483 635 673 703 ] 
 Partition 29 (3): [ 28 678 683 ] 
 Partition 30 (2): [ 62 216 ] 
 Partition 31 (1): [ 168 ] 
 Partition 32 (2): [ 551 620 ] 
 Partition 33 (2): [ 151 198 ] 
